n_games,playerScoreProRound,playerTotalScore,PlayedTimeBeforeDeath,TotalPlayedTimeBeforeDeath,MeanScore,DeviationFromScore,TimeOverScore,TotalNumberofDeath,TimeOverDeath,Epsilon
1,0,0,3.014657735824585,3.014657735824585,0.0,,3.014657735824585,1,3.014657735824585,80
2,0,0,0.9962842464447021,4.010941982269287,0.0,0.0,4.010941982269287,2,2.0054709911346436,79
3,1,1,2.193057060241699,6.203999042510986,0.3333333333333333,0.0,6.203999042510986,3,2.0679996808369956,78
4,0,1,1.4250764846801758,7.629075527191162,0.25,0.22222222222222224,7.629075527191162,4,1.9072688817977905,77
5,1,2,2.7592086791992188,10.38828420639038,0.4,0.25,5.19414210319519,5,2.0776568412780763,76
6,0,2,0.8280959129333496,11.21638011932373,0.3333333333333333,0.56,5.608190059661865,6,1.869396686553955,75
7,0,2,1.3705365657806396,12.58691668510437,0.2857142857142857,0.6666666666666666,6.293458342552185,7,1.79813095501491,74
8,1,3,1.6588153839111328,14.245732069015503,0.375,0.6938775510204082,4.748577356338501,8,1.7807165086269379,73
9,0,3,1.1645057201385498,15.410237789154053,0.3333333333333333,0.984375,5.136745929718018,9,1.7122486432393391,72
10,0,3,2.0291028022766113,17.439340591430664,0.3,1.1358024691358024,5.813113530476888,10,1.7439340591430663,71
11,0,3,1.134969711303711,18.574310302734375,0.2727272727272727,1.2099999999999997,6.191436767578125,11,1.6885736638849431,70
12,0,3,1.396385908126831,19.970696210861206,0.25,1.2396694214876034,6.656898736953735,12,1.6642246842384338,69
13,1,4,1.136643648147583,21.10733985900879,0.3076923076923077,1.2430555555555556,5.276834964752197,13,1.6236415276160607,68
14,0,4,3.3539745807647705,24.46131443977356,0.2857142857142857,1.4556213017751476,6.11532860994339,14,1.7472367456981115,67
15,0,4,1.852341890335083,26.313656330108643,0.26666666666666666,1.5969387755102045,6.578414082527161,15,1.754243755340576,66
16,0,4,2.8084137439727783,29.12207007408142,0.25,1.688888888888889,7.280517518520355,16,1.8201293796300888,65
17,1,5,2.7637481689453125,31.885818243026733,0.29411764705882354,1.74609375,6.377163648605347,17,1.8756363672368668,64
18,0,5,1.284790277481079,33.17060852050781,0.2777777777777778,2.006920415224913,6.634121704101562,18,1.8428115844726562,63
19,1,6,1.1155920028686523,34.286200523376465,0.3157894736842105,2.2006172839506175,5.714366753896077,19,1.8045368696513928,62
20,0,6,0.3127291202545166,34.59892964363098,0.3,2.6204986149584486,5.766488273938497,20,1.7299464821815491,61
21,0,6,1.460191011428833,36.059120655059814,0.2857142857142857,2.9475000000000002,6.009853442509969,21,1.717100983574277,60
22,0,6,0.885934591293335,36.94505524635315,0.2727272727272727,3.2018140589569164,6.157509207725525,22,1.6793206930160522,59
23,0,6,0.8001968860626221,37.74525213241577,0.2608695652173913,3.398760330578513,6.290875355402629,23,1.6410979188006858,58
24,1,7,0.951810359954834,38.697062492370605,0.2916666666666667,3.550094517958413,5.528151784624372,24,1.6123776038487752,57
25,0,7,0.948535680770874,39.64559817314148,0.28,3.9097222222222228,5.663656881877354,25,1.585823926925659,56
26,0,7,1.3161547183990479,40.96175289154053,0.2692307692307692,4.2016,5.8516789845057895,26,1.5754520342900202,55
27,0,7,1.5902812480926514,42.55203413963318,0.25925925925925924,4.437869822485207,6.078862019947597,27,1.5760012644308585,54
28,0,7,0.4375171661376953,42.989551305770874,0.25,4.628257887517147,6.141364472252982,28,1.5353411180632455,53
29,0,7,0.19065380096435547,43.18020510673523,0.2413793103448276,4.780612244897958,6.168600729533604,29,1.4889725898874218,52
30,1,8,0.39734554290771484,43.577550649642944,0.26666666666666666,4.901307966706302,5.447193831205368,30,1.4525850216547649,51
31,0,8,0.3970913887023926,43.97464203834534,0.25806451612903225,5.209999999999999,5.496830254793167,31,1.4185368399466238,50
32,0,8,0.355649471282959,44.330291509628296,0.25,5.469302809573361,5.541286438703537,32,1.3853216096758842,49
33,2,10,1.3236968517303467,45.65398836135864,0.30303030303030304,5.6865234375,4.565398836135865,33,1.3834541927684436,48
34,0,10,0.4548671245574951,46.10885548591614,0.29411764705882354,6.393021120293847,4.610885548591614,34,1.3561428084092981,47
35,0,10,1.4563002586364746,47.56515574455261,0.2857142857142857,7.007785467128027,4.756515574455261,35,1.3590044498443603,46
36,1,11,2.4333560466766357,49.99851179122925,0.3055555555555556,7.542857142857143,4.545319253748113,36,1.388847549756368,45
37,1,12,3.3393259048461914,53.33783769607544,0.32432432432432434,8.305555555555555,4.444819808006287,37,1.4415631809750118,44
38,3,15,5.717565059661865,59.055402755737305,0.39473684210526316,9.30898466033601,3.937026850382487,38,1.5540895462036133,43
39,0,15,0.7854981422424316,59.840900897979736,0.38461538461538464,11.449445983379505,3.989393393198649,39,1.5343820743071728,42
40,0,15,0.25714612007141113,60.09804701805115,0.375,13.360946745562131,4.006536467870077,40,1.5024511754512786,41
41,0,15,1.4101989269256592,61.50824594497681,0.36585365853658536,15.069375000000003,4.10054972966512,41,1.5002011206091903,40
42,1,16,1.4116921424865723,62.91993808746338,0.38095238095238093,16.597263533610946,3.932496130466461,42,1.4980937639872234,39
43,1,17,1.6890277862548828,64.60896587371826,0.3953488372093023,18.39229024943311,3.800527404336368,43,1.5025340900864712,38
44,2,19,1.8934342861175537,66.50240015983582,0.4318181818181818,20.457544618712816,3.500126324201885,44,1.511418185450814,37
45,1,20,3.269392251968384,69.7717924118042,0.4444444444444444,23.31611570247934,3.48858962059021,45,1.5504842758178712,36
46,1,21,1.8950681686401367,71.66686058044434,0.45652173913043476,26.44444444444445,3.4127076466878257,46,1.5579752300096594,35
47,1,22,1.380756139755249,73.04761672019958,0.46808510638297873,29.84168241965974,3.3203462145545264,47,1.5542046110680763,34
48,1,23,1.2136955261230469,74.26131224632263,0.4791666666666667,33.506564056133996,3.2287527063618535,48,1.5471106717983882,33
49,1,24,3.0736517906188965,77.33496403694153,0.4897959183673469,37.4375,3.222290168205897,49,1.5782645721824802,32
50,0,24,2.066708564758301,79.40167260169983,0.48,41.63265306122449,3.308403025070826,50,1.5880334520339965,31
51,3,27,0.7809958457946777,80.1826684474945,0.5294117647058824,45.4656,2.969728461018315,51,1.5722091852449904,30
52,1,28,1.5595948696136475,81.74226331710815,0.5384615384615384,50.88581314878893,2.919366547039577,52,1.57196660225208,29
53,0,28,1.0935492515563965,82.83581256866455,0.5283018867924528,56.54844674556213,2.9584218774523054,53,1.5629398597861237,28
54,3,31,1.6009323596954346,84.43674492835999,0.5740740740740741,61.75151299394802,2.7237659654309674,54,1.563643424599259,27
55,1,32,0.8486974239349365,85.28544235229492,0.5818181818181818,68.66666666666666,2.6651700735092163,55,1.5506444064053622,26
56,1,33,1.609724760055542,86.89516711235046,0.5892857142857143,75.79834710743802,2.6331868821924385,56,1.551699412720544,25
57,3,36,1.9795210361480713,88.87468814849854,0.631578947368421,83.14508928571429,2.4687413374582925,57,1.5592050552368164,24
58,2,38,1.6260015964508057,90.50068974494934,0.6551724137931034,92.35149276700523,2.3815970985512984,58,1.560356719740506,23
59,0,38,0.6402585506439209,91.14094829559326,0.6440677966101694,102.60315101070154,2.39844600777877,59,1.54476183551853,22
60,4,42,4.785175800323486,95.92612409591675,0.7,112.11261131858663,2.2839553356170654,60,1.5987687349319457,21
61,2,44,3.360597848892212,99.28672194480896,0.7213114754098361,124.5475,2.256516407836567,61,1.6276511794230977,20
62,3,47,4.288963556289673,103.57568550109863,0.7580645161290323,138.05159903251814,2.2037379893850773,62,1.670575572598365,19
63,1,48,0.9669809341430664,104.5426664352417,0.7619047619047619,153.67741935483872,2.177972217400869,63,1.6594074037339952,18
64,2,50,3.370647668838501,107.9133141040802,0.78125,169.29604434366343,2.158266282081604,64,1.6861455328762531,17
65,1,51,3.0612540245056152,110.97456812858582,0.7846153846153846,185.9912109375,2.175971924089918,65,1.7073010481320894,16
66,5,56,4.03455924987793,115.00912737846375,0.8484848484848485,202.65940828402367,2.0537344174725667,66,1.7425625360373296,15
67,5,61,2.354132890701294,117.36326026916504,0.9104477611940298,223.88820018365476,1.9239878732650006,67,1.7516904517785827,14
68,4,65,4.487322568893433,121.85058283805847,0.9558823529411765,249.97950545778576,1.8746243513547458,68,1.791920335853801,13
69,1,66,1.5284531116485596,123.37903594970703,0.9565217391304348,279.79130622837374,1.8693793325713186,69,1.7881019702856091,12
70,1,67,0.6600456237792969,124.03908157348633,0.9571428571428572,309.1497584541063,1.8513295757236765,70,1.7719868796212332,11
71,1,68,2.048050880432129,126.08713245391846,0.9577464788732394,338.08489795918376,1.8542225360870361,71,1.775875104984767,10
72,11,79,6.848212003707886,132.93534445762634,1.0972222222222223,366.62487601666334,1.68272587921046,72,1.8463242285781436,9
73,10,89,5.992610692977905,138.92795515060425,1.2191780821917808,409.6649305555555,1.560988260119149,73,1.9031226732959485,8
74,6,95,6.600805282592773,145.52876043319702,1.2837837837837838,467.3728654531808,1.531881688770495,74,1.9666048707188786,7
75,8,103,7.222517251968384,152.7512776851654,1.3733333333333333,533.1141344046749,1.4830221134482078,75,2.036683702468872,6
76,3,106,4.420898199081421,157.17217588424683,1.394736842105263,611.314488888889,1.4827563762664795,76,2.0680549458453528,5
77,10,116,9.901660442352295,167.07383632659912,1.5064935064935066,691.5484764542934,1.4402916924706821,77,2.169790082163625,4
78,13,129,3.6229476928710938,170.69678401947021,1.6538461538461537,789.57733175915,1.323230883871862,78,2.188420307941926,3
79,18,147,9.660266876220703,180.35705089569092,1.860759493670886,914.1980604865222,1.2269187135761286,79,2.283000644249252,2
80,22,169,9.060436487197876,189.4174873828888,2.1125,1082.1743310366928,1.1208135348099928,80,2.36771859228611,1
81,19,188,7.875676393508911,197.2931637763977,2.3209876543209877,1311.7673437500002,1.0494317222148815,81,2.435718071313552,0
82,15,203,6.3650853633880615,203.65824913978577,2.475609756097561,1598.377991159884,1.0032426065999298,82,2.483637184631534,0
